初始基址	EN_NAME	名称	JP_NAME	激活		ID		等级		特性		EXP				技能1		技能2		技能3		技能4		技能5		技能6		技能7		技能8		力	魔	耐	速	运														
	●HEX	●HEX	HEX→	00	01	02	03	04	05	06	07	08	09	0A	0B	0C	0D	0E	0F	10	11	12	13	14	15	16	17	18	19	1A	1B	1C	1D	1E	1F	20	21	22	23	24	25	26	27	28	29	2A	2B	2C	2D	2E
main+02273240	Abaddon	亚巴顿	アバドン	01	00	3B	00	4B	00	AF	00	00	00	00	00	19	00	CA	00	26	03	00	00	00	00	00	00	00	00	00	00	33	2A	3A	26	2B	00	00	00	00	00	00	00	00	00	00	00	00	00	00
main+02273270	Agathion	阿珈席翁	アガシオン	01	00	83	00	03	00	46	00	00	00	00	00	2C	01	49	01	00	00	00	00	00	00	00	00	00	00	00	00	03	04	05	07	03	00	00	00	00	00	00	00	00	00	00	00	00	00	00
main+022732A0	Alice	爱丽丝	アリス	01	00	2F	00	53	00	C4	00	00	00	00	00	3F	00	8B	03	45	00	00	00	00	00	00	00	00	00	00	00	2D	3D	31	36	2F	00	00	00	00	00	00	00	00	00	00	00	00	00	00
main+022732D0	Alilat	艾里拉特	アリラト	01	00	A9	01	51	00	9E	00	00	00	00	00	82	00	55	01	AD	03	00	00	00	00	00	00	00	00	00	00	2D	36	39	31	2D	00	00	00	00	00	00	00	00	00	00	00	00	00	00
main+02273300	Ame-no-Uzume	天钿女	アメノウズメ	01	00	59	00	0D	00	A0	00	00	00	00	00	2B	00	21	00	31	01	49	00	00	00	00	00	00	00	00	00	07	0A	09	0B	09	00	00	00	00	00	00	00	00	00	00	00	00	00	00
main+02273330	Ananta	阿难陀	アナンタ	01	00	2C	01	2C	00	A6	00	00	00	00	00	4D	00	4B	03	7E	01	00	00	00	00	00	00	00	00	00	00	1A	1E	1F	1B	19	00	00	00	00	00	00	00	00	00	00	00	00	00	00
main+02273360	Andras	安德拉斯	アンドラス	01	00	66	00	1B	00	4E	00	00	00	00	00	6E	00	06	01	00	00	00	00	00	00	00	00	00	00	00	00	0F	13	13	15	0E	00	00	00	00	00	00	00	00	00	00	00	00	00	00
main+02273390	Angel	天使	エンジェル	01	00	4C	00	09	00	49	00	00	00	00	00	36	00	56	00	2C	01	00	00	00	00	00	00	00	00	00	00	06	09	05	09	05	00	00	00	00	00	00	00	00	00	00	00	00	00	00
main+022733C0	Anubis	阿努比斯	アヌビス	01	00	16	00	22	00	66	00	00	00	00	00	33	00	3D	00	3A	00	00	00	00	00	00	00	00	00	00	00	13	18	16	15	17	00	00	00	00	00	00	00	00	00	00	00	00	00	00
main+022733F0	Anzu	安祖	アンズー	01	00	55	00	19	00	A2	00	00	00	00	00	1F	00	56	01	83	01	00	00	00	00	00	00	00	00	00	00	0E	12	0F	15	0E	00	00	00	00	00	00	00	00	00	00	00	00	00	00
main+02273420	Apsaras	飞天	アプサラス	01	00	65	00	0B	00	B4	00	00	00	00	00	6D	01	7D	01	14	00	00	00	00	00	00	00	00	00	00	00	07	0B	06	0A	06	00	00	00	00	00	00	00	00	00	00	00	00	00	00
main+02273450	Ara Mitama	荒魂	アラミタマ	01	00	99	00	1E	00	A6	00	00	00	00	00	CE	00	4A	00	5C	00	00	00	00	00	00	00	00	00	00	00	14	12	14	14	13	00	00	00	00	00	00	00	00	00	00	00	00	00	00
main+02273480	Arahabaki	荒霸吐	アラハバキ	01	00	4B	00	23	00	47	00	00	00	00	00	73	01	5F	00	AA	03	00	00	00	00	00	00	00	00	00	00	15	17	16	18	16	00	00	00	00	00	00	00	00	00	00	00	00	00	00
main+022734B0	Archangel	大天使	アークエンジェル	01	00	37	00	0E	00	49	00	00	00	00	00	D3	00	50	00	32	00	00	00	00	00	00	00	00	00	00	00	0B	09	0A	0C	07	00	00	00	00	00	00	00	00	00	00	00	00	00	00
main+022734E0	Ardha	阿尔达	アルダー	01	00	A4	00	54	00	B0	00	00	00	00	00	CB	00	B1	00	45	03	00	00	00	00	00	00	00	00	00	00	36	38	37	36	28	00	00	00	00	00	00	00	00	00	00	00	00	00	00
main+02273510	Ariadne	阿里阿德涅	アリアドネ	01	00	BA	00	1E	00	B8	00	00	00	00	00	C5	02	58	03	CE	00	00	00	00	00	00	00	00	00	00	00	17	13	14	11	12	00	00	00	00	00	00	00	00	00	00	00	00	00	00
main+02273540	Ariadne Picaro	阿里阿德涅・贼神	アリアドネ・賊神	01	00	C4	00	2A	00	B8	00	00	00	00	00	C5	02	58	03	CE	00	00	00	00	00	00	00	00	00	00	00	24	17	1D	18	15	00	00	00	00	00	00	00	00	00	00	00	00	00	00
main+02273570	Arsene	亚森	アルセーヌ	01	00	C9	00	01	00	56	00	00	00	00	00	40	00	00	00	00	00	00	00	00	00	00	00	00	00	00	00	02	02	02	03	01	00	00	00	00	00	00	00	00	00	00	00	00	00	00
main+022735A0	Asterius	阿斯忒里俄斯	アステリオス	01	00	BB	00	38	00	26	00	00	00	00	00	C6	02	0F	00	AC	03	00	00	00	00	00	00	00	00	00	00	2B	2B	20	20	19	00	00	00	00	00	00	00	00	00	00	00	00	00	00
main+022735D0	Asterius Picaro	阿斯忒里俄斯・贼神	アステリオス・賊神	01	00	C5	00	3E	00	26	00	00	00	00	00	C6	02	0F	00	AC	03	00	00	00	00	00	00	00	00	00	00	2E	2E	24	24	1D	00	00	00	00	00	00	00	00	00	00	00	00	00	00
main+02273600	Asura	阿修罗王	アスラおう	01	00	9E	00	4C	00	A7	00	00	00	00	00	B0	00	35	00	55	01	00	00	00	00	00	00	00	00	00	00	34	30	33	31	23	00	00	00	00	00	00	00	00	00	00	00	00	00	00
main+02273630	Atavaka	大元帅明王	アタバク	01	00	B3	01	41	00	09	00	00	00	00	00	0F	00	14	01	33	01	00	00	00	00	00	00	00	00	00	00	33	24	2B	26	22	00	00	00	00	00	00	00	00	00	00	00	00	00	00
main+02273660	Athena	雅典娜	アテナ	01	00	6A	01	2E	00	C3	00	00	00	00	00	CB	02	55	01	DD	00	00	00	00	00	00	00	00	00	00	00	21	1B	1D	1D	1B	00	00	00	00	00	00	00	00	00	00	00	00	00	00
main+02273690	Athena Picaro	雅典娜・贼神	アテナ・賊神	01	00	70	01	32	00	C3	00	00	00	00	00	CB	02	54	01	DD	00	00	00	00	00	00	00	00	00	00	00	23	1E	1F	20	1D	00	00	00	00	00	00	00	00	00	00	00	00	00	00
main+022736C0	Atropos	阿特罗波斯	アトロポス	01	00	A3	00	27	00	36	00	00	00	00	00	2C	00	7C	01	84	01	00	00	00	00	00	00	00	00	00	00	17	1E	16	1B	16	00	00	00	00	00	00	00	00	00	00	00	00	00	00
main+022736F0	Attis	阿提斯	アティス	01	00	21	01	52	00	57	00	00	00	00	00	0F	00	3E	01	57	01	00	00	00	00	00	00	00	00	00	00	31	32	30	36	34	00	00	00	00	00	00	00	00	00	00	00	00	00	00
main+02273720	Baal	巴力	バアル	01	00	7A	00	52	00	A2	00	00	00	00	00	8C	00	6E	01	54	01	00	00	00	00	00	00	00	00	00	00	36	3A	35	2F	29	00	00	00	00	00	00	00	00	00	00	00	00	00	00
main+02273750	Baphomet	巴风特	バフォメット	01	00	88	00	3A	00	4F	00	00	00	00	00	0C	00	2B	03	AC	03	00	00	00	00	00	00	00	00	00	00	22	2A	24	26	1F	00	00	00	00	00	00	00	00	00	00	00	00	00	00
main+02273780	Barong	巴隆	バロン	01	00	1B	00	34	00	A8	00	00	00	00	00	2A	00	5D	00	44	03	00	00	00	00	00	00	00	00	00	00	21	23	21	25	19	00	00	00	00	00	00	00	00	00	00	00	00	00	00
main+022737B0	Beelzebub	别西卜	ベルゼブブ	01	00	02	00	57	00	AB	00	00	00	00	00	45	00	3F	00	55	00	00	00	00	00	00	00	00	00	00	00	37	3D	36	38	2A	00	00	00	00	00	00	00	00	00	00	00	00	00	00
main+022737E0	Belial	彼列	ベリアル	01	00	3E	00	52	00	BB	00	00	00	00	00	42	00	10	01	D6	03	00	00	00	00	00	00	00	00	00	00	34	35	33	30	31	00	00	00	00	00	00	00	00	00	00	00	00	00	00
main+02273810	Belphegor	贝尔芬格	ベルフェゴール	01	00	8E	00	25	00	2E	00	00	00	00	00	18	00	82	01	00	00	00	00	00	00	00	00	00	00	00	00	19	1B	18	17	13	00	00	00	00	00	00	00	00	00	00	00	00	00	00
main+02273840	Berith	比利士	ベリス	01	00	8F	00	09	00	BA	00	00	00	00	00	D2	00	50	01	00	00	00	00	00	00	00	00	00	00	00	00	09	06	08	08	03	00	00	00	00	00	00	00	00	00	00	00	00	00	00
main+02273870	Bicorn	双角兽	バイコーン	01	00	7F	00	04	00	39	00	00	00	00	00	C8	00	59	01	00	00	00	00	00	00	00	00	00	00	00	00	05	03	03	05	03	00	00	00	00	00	00	00	00	00	00	00	00	00	00
main+022738A0	Bishamonten	毘沙门天	ビシャモンテン	01	00	15	01	43	00	09	00	00	00	00	00	4B	00	2E	01	DE	00	00	00	00	00	00	00	00	00	00	00	33	25	2A	2C	22	00	00	00	00	00	00	00	00	00	00	00	00	00	00
main+022738D0	Black Frost	邪恶霜精	ジャアクフロスト	01	00	4A	00	43	00	9E	00	00	00	00	00	19	00	E2	00	CE	00	00	00	00	00	00	00	00	00	00	00	2C	2E	29	2A	23	00	00	00	00	00	00	00	00	00	00	00	00	00	00
main+02273900	Black Ooze	黑软泥怪	ブラックウーズ	01	00	7E	00	12	00	46	00	00	00	00	00	04	01	54	00	6E	00	00	00	00	00	00	00	00	00	00	00	0F	07	10	08	0F	00	00	00	00	00	00	00	00	00	00	00	00	00	00
main+02273930	Black Rider	黑骑士	ブラックライダー	01	00	31	01	3B	00	58	00	00	00	00	00	3F	00	0E	01	45	00	00	00	00	00	00	00	00	00	00	00	24	2A	22	2A	1E	00	00	00	00	00	00	00	00	00	00	00	00	00	00
main+02273960	Bugs	巴古斯	バグス	01	00	7D	00	31	00	B2	00	00	00	00	00	CE	00	60	01	C0	00	37	01	00	00	00	00	00	00	00	00	23	21	1E	20	18	00	00	00	00	00	00	00	00	00	00	00	00	00	00
main+02273990	Byakhee	拜亚基	ビヤーキー	01	00	AC	01	46	00	9C	00	00	00	00	00	0C	00	6E	00	D9	00	00	00	00	00	00	00	00	00	00	00	2A	31	2B	33	20	00	00	00	00	00	00	00	00	00	00	00	00	00	00
main+022739C0	Byakko	白虎	ビャッコ	01	00	14	01	2D	00	3E	00	00	00	00	00	F2	00	18	00	21	03	00	00	00	00	00	00	00	00	00	00	23	1C	1E	20	11	00	00	00	00	00	00	00	00	00	00	00	00	00	00
main+022739F0	Caith Sith	凯特西	ケットシー	01	00	B4	01	05	00	4F	00	00	00	00	00	0A	00	D2	00	4F	01	00	00	00	00	00	00	00	00	00	00	06	04	04	05	03	00	00	00	00	00	00	00	00	00	00	00	00	00	00
main+02273A20	Cerberus	克鲁贝洛斯	ケルベロス	01	00	07	00	37	00	9C	00	00	00	00	00	0C	00	CA	00	00	00	00	00	00	00	00	00	00	00	00	00	27	23	20	27	1B	00	00	00	00	00	00	00	00	00	00	00	00	00	00
main+02273A50	Chernobog	切尔诺伯格	チェルノボグ	01	00	41	00	3E	00	BA	00	00	00	00	00	3D	00	10	01	FE	00	00	00	00	00	00	00	00	00	00	00	28	25	27	26	27	00	00	00	00	00	00	00	00	00	00	00	00	00	00
main+02273A80	Chi You	蚩尤	シュウ	01	00	4F	00	58	00	A5	00	00	00	00	00	C5	00	86	03	ED	00	00	00	00	00	00	00	00	00	00	00	38	39	36	35	33	00	00	00	00	00	00	00	00	00	00	00	00	00	00
main+02273AB0	Chimera	奇美拉	キマイラ	01	00	B2	01	4A	00	11	00	00	00	00	00	0F	00	EC	00	16	00	00	00	00	00	00	00	00	00	00	00	33	28	2A	30	30	00	00	00	00	00	00	00	00	00	00	00	00	00	00
main+02273AE0	Choronzon	克伦佐	コロンゾン	01	00	90	00	1C	00	B6	00	00	00	00	00	52	00	67	00	F1	00	00	00	00	00	00	00	00	00	00	00	10	13	13	12	13	00	00	00	00	00	00	00	00	00	00	00	00	00	00
main+02273B10	Clotho	克洛托	クロト	01	00	A1	00	1B	00	0E	00	00	00	00	00	34	00	4A	01	56	00	00	00	00	00	00	00	00	00	00	00	0E	13	12	14	11	00	00	00	00	00	00	00	00	00	00	00	00	00	00
main+02273B40	Crystal Skull	水晶骷髅	水晶髑髏	01	00	71	00	32	00	20	01	00	00	00	00	0F	00	19	00	23	00	2D	00	C3	00	4E	00	3A	00	45	00	32	32	32	32	32	00	00	00	00	00	00	00	00	00	00	00	00	00	00
main+02273B70	Cu Chulainn	库夫林	クー・フーリン	01	00	03	00	4C	00	B2	00	00	00	00	00	22	03	E2	00	6D	01	00	00	00	00	00	00	00	00	00	00	37	2C	2E	30	2A	00	00	00	00	00	00	00	00	00	00	00	00	00	00
main+02273BA0	Cybele	库柏勒	キュベレ	01	00	40	00	53	00	4A	00	00	00	00	00	37	01	33	01	3B	00	00	00	00	00	00	00	00	00	00	00	2C	39	31	33	37	00	00	00	00	00	00	00	00	00	00	00	00	00	00
main+02273BD0	Daisoujou	大僧正	だいそうじょう	01	00	1A	01	28	00	B6	00	00	00	00	00	68	00	3A	00	00	00	00	00	00	00	00	00	00	00	00	00	15	21	18	18	19	00	00	00	00	00	00	00	00	00	00	00	00	00	00
main+02273C00	Dakini	荼吉尼	ダーキニー	01	00	7B	00	32	00	49	00	00	00	00	00	15	01	FE	00	DD	00	00	00	00	00	00	00	00	00	00	00	22	20	22	1C	1D	00	00	00	00	00	00	00	00	00	00	00	00	00	00
main+02273C30	Decarabia	单卡拉比	デカラビア	01	00	0C	00	20	00	9C	00	00	00	00	00	0B	00	5E	00	00	00	00	00	00	00	00	00	00	00	00	00	15	17	13	16	12	00	00	00	00	00	00	00	00	00	00	00	00	00	00
main+02273C60	Dionysus	狄俄尼索斯	ディオニュソス	01	00	64	00	47	00	56	00	00	00	00	00	2D	00	2A	00	61	00	00	00	00	00	00	00	00	00	00	00	2A	30	2C	2A	2C	00	00	00	00	00	00	00	00	00	00	00	00	00	00
main+02273C90	Dominion	主天使	ドミニオン	01	00	48	00	44	00	A8	00	00	00	00	00	57	00	33	00	38	00	00	00	00	00	00	00	00	00	00	00	2A	2D	2B	2C	25	00	00	00	00	00	00	00	00	00	00	00	00	00	00
main+02273CC0	Eligor	埃力格	エリゴール	01	00	09	00	10	00	4F	00	00	00	00	00	0D	00	57	03	4F	01	00	00	00	00	00	00	00	00	00	00	0C	0A	0D	0A	0A	00	00	00	00	00	00	00	00	00	00	00	00	00	00
main+02273CF0	Emperor's Amulet	大帝的护符	大帝の護符	01	00	6F	00	23	00	1E	01	00	00	00	00	0C	00	16	00	20	00	2A	00	C0	00	4B	00	38	00	42	00	23	23	23	23	23	00	00	00	00	00	00	00	00	00	00	00	00	00	00
main+02273D20	Fafnir	法夫纳	ファフニール	01	00	AB	01	56	00	61	00	00	00	00	00	ED	00	55	00	B1	00	00	00	00	00	00	00	00	00	00	00	3D	37	3A	30	2B	00	00	00	00	00	00	00	00	00	00	00	00	00	00
main+02273D50	Flauros	佛劳洛斯	フラロウス	01	00	42	00	13	00	AD	00	00	00	00	00	D3	00	13	01	64	01	4F	01	00	00	00	00	00	00	00	00	0F	0B	0D	0E	0B	00	00	00	00	00	00	00	00	00	00	00	00	00	00
main+02273D80	Forneus	佛钮司	フォルネウス	01	00	24	00	3F	00	BB	00	00	00	00	00	C0	00	60	01	61	00	00	00	00	00	00	00	00	00	00	00	29	27	28	2A	22	00	00	00	00	00	00	00	00	00	00	00	00	00	00
main+02273DB0	Fortuna	福尔图娜	フォルトゥナ	01	00	10	01	2E	00	A2	00	00	00	00	00	22	00	56	01	74	01	00	00	00	00	00	00	00	00	00	00	17	20	1D	22	1B	00	00	00	00	00	00	00	00	00	00	00	00	00	00
main+02273DE0	Futsunushi	经津主	フツヌシ	01	00	03	01	56	00	BC	00	00	00	00	00	FE	00	54	01	58	03	00	00	00	00	00	00	00	00	00	00	3C	3A	37	34	28	00	00	00	00	00	00	00	00	00	00	00	00	00	00
main+02273E10	Fuu-Ki	风鬼	フウキ	01	00	5F	00	17	00	2E	00	00	00	00	00	77	01	4F	01	1F	00	00	00	00	00	00	00	00	00	00	00	0E	11	10	0F	0E	00	00	00	00	00	00	00	00	00	00	00	00	00	00
main+02273E40	Gabriel	加百列	ガブリエル	01	00	2D	00	4D	00	06	00	00	00	00	00	2D	00	19	00	00	00	00	00	00	00	00	00	00	00	00	00	2B	33	30	36	2A	00	00	00	00	00	00	00	00	00	00	00	00	00	00
main+02273E70	Ganesha	葛内舍	ガネーシャ	01	00	15	00	35	00	AD	00	00	00	00	00	CE	00	FD	00	6D	01	00	00	00	00	00	00	00	00	00	00	27	1F	25	21	1A	00	00	00	00	00	00	00	00	00	00	00	00	00	00
main+02273EA0	Garuda	迦楼罗	ガルーダ	01	00	8B	00	34	00	A2	00	00	00	00	00	20	00	0F	01	00	00	00	00	00	00	00	00	00	00	00	00	1E	24	1D	27	1D	00	00	00	00	00	00	00	00	00	00	00	00	00	00
main+02273ED0	Genbu	玄武	ゲンブ	01	00	13	01	07	00	18	00	00	00	00	00	14	00	5A	01	00	00	00	00	00	00	00	00	00	00	00	00	05	06	07	06	04	00	00	00	00	00	00	00	00	00	00	00	00	00	00
main+02273F00	Girimehkala	基力梅卡拉	ギリメカラ	01	00	1C	00	2B	00	AA	00	00	00	00	00	3D	00	5F	01	F3	00	00	00	00	00	00	00	00	00	00	00	20	18	20	1D	13	00	00	00	00	00	00	00	00	00	00	00	00	00	00
main+02273F30	Hanuman	哈奴曼	ハヌマーン	01	00	36	00	40	00	B2	00	00	00	00	00	FD	00	5E	01	6E	01	00	00	00	00	00	00	00	00	00	00	2B	26	28	28	26	00	00	00	00	00	00	00	00	00	00	00	00	00	00
main+02273F60	Hariti	诃梨帝母	ハリティー	01	00	A7	00	28	00	A0	00	00	00	00	00	29	00	47	01	4B	01	00	00	00	00	00	00	00	00	00	00	15	20	18	17	1B	00	00	00	00	00	00	00	00	00	00	00	00	00	00
main+02273F90	Hastur	哈斯塔	ハスター	01	00	AD	01	54	00	AF	00	00	00	00	00	8D	00	51	00	5C	01	00	00	00	00	00	00	00	00	00	00	33	3B	34	38	29	00	00	00	00	00	00	00	00	00	00	00	00	00	00
main+02273FC0	Hecatoncheires	百臂巨人	ヘカトンケイル	01	00	A9	00	2A	00	AD	00	00	00	00	00	F2	00	3F	03	4F	01	60	01	00	00	00	00	00	00	00	00	23	16	1B	17	1A	00	00	00	00	00	00	00	00	00	00	00	00	00	00
main+02273FF0	Hell Biker	地狱天使	ヘルズエンジェル	01	00	19	01	25	00	B4	00	00	00	00	00	3D	00	0B	00	4E	03	00	00	00	00	00	00	00	00	00	00	17	18	18	1E	11	00	00	00	00	00	00	00	00	00	00	00	00	00	00
main+02274020	High Pixie	高等皮克希	ハイピクシー	01	00	1A	00	10	00	49	00	00	00	00	00	1E	00	31	01	5A	00	00	00	00	00	00	00	00	00	00	00	08	0E	0A	0D	0A	00	00	00	00	00	00	00	00	00	00	00	00	00	00
main+02274050	Hope Diamond	希望钻石	ホープダイヤ	01	00	70	00	28	00	1F	01	00	00	00	00	49	03	4C	03	4F	03	25	03	3F	03	44	03	22	03	52	03	28	28	28	28	28	00	00	00	00	00	00	00	00	00	00	00	00	00	00
main+02274080	Horus	荷鲁斯	ホルス	01	00	1F	01	2F	00	B2	00	00	00	00	00	47	00	2D	01	38	00	00	00	00	00	00	00	00	00	00	00	1E	20	1D	23	16	00	00	00	00	00	00	00	00	00	00	00	00	00	00
main+022740B0	Hua Po	花魄	カハク	01	00	0B	00	09	00	4F	00	00	00	00	00	0A	00	5A	00	00	00	00	00	00	00	00	00	00	00	00	00	04	0A	04	08	08	00	00	00	00	00	00	00	00	00	00	00	00	00	00
main+022740E0	Incubus	男梦魔	インキュバス	01	00	27	00	05	00	B6	00	00	00	00	00	67	00	09	01	00	00	00	00	00	00	00	00	00	00	00	00	04	06	04	05	03	00	00	00	00	00	00	00	00	00	00	00	00	00	00
main+02274110	Inugami	犬神	イヌガミ	01	00	51	00	0E	00	4E	00	00	00	00	00	52	00	4F	01	D3	00	00	00	00	00	00	00	00	00	00	00	0B	09	09	0C	08	00	00	00	00	00	00	00	00	00	00	00	00	00	00
main+02274140	Ippon-Datara	一本踏鞴	イッポンダタラ	01	00	43	00	0D	00	39	00	00	00	00	00	04	01	4F	01	98	03	00	00	00	00	00	00	00	00	00	00	0B	07	0E	06	08	00	00	00	00	00	00	00	00	00	00	00	00	00	00
main+02274170	Ishtar	伊丝塔	イシュタル	01	00	06	01	55	00	0A	00	00	00	00	00	33	01	37	01	73	03	00	00	00	00	00	00	00	00	00	00	30	3B	31	3A	30	00	00	00	00	00	00	00	00	00	00	00	00	00	00
main+022741A0	Isis	伊西斯	イシス	01	00	1F	00	1A	00	09	00	00	00	00	00	3A	00	34	00	2D	01	00	00	00	00	00	00	00	00	00	00	0E	14	11	12	10	00	00	00	00	00	00	00	00	00	00	00	00	00	00
main+022741D0	Izanagi	伊邪那岐	イザナギ	01	00	B7	00	14	00	C0	00	00	00	00	00	C1	02	29	00	4F	01	00	00	00	00	00	00	00	00	00	00	0E	0D	0D	0E	0D	00	00	00	00	00	00	00	00	00	00	00	00	00	00
main+02274200	Izanagi no Okami	伊邪那岐大神	伊邪那岐大神	01	00	68	01	50	00	C2	00	00	00	00	00	C9	02	5D	03	3C	03	00	00	00	00	00	00	00	00	00	00	34	38	2E	30	2D	00	00	00	00	00	00	00	00	00	00	00	00	00	00
main+02274230	Izanagi no Okami Picaro	伊邪那岐大神・贼神	伊邪那岐大神・賊神	01	00	6E	01	59	00	C2	00	00	00	00	00	C9	02	5D	03	3C	03	00	00	00	00	00	00	00	00	00	00	36	3D	38	3A	2D	00	00	00	00	00	00	00	00	00	00	00	00	00	00
main+02274260	Izanagi Picaro	伊邪那岐・贼神	イザナギ・賊神	01	00	C1	00	17	00	C0	00	00	00	00	00	C1	02	29	00	50	01	00	00	00	00	00	00	00	00	00	00	10	0F	0F	10	0E	00	00	00	00	00	00	00	00	00	00	00	00	00	00
main+02274290	Jack Frost	杰克霜精	ジャックフロスト	01	00	05	00	0B	00	9E	00	00	00	00	00	14	00	82	01	49	01	17	00	00	00	00	00	00	00	00	00	08	09	07	09	07	00	00	00	00	00	00	00	00	00	00	00	00	00	00
main+022742C0	Jack-o'-Lantern	杰克灯笼	ジャックランタン	01	00	04	00	02	00	4F	00	00	00	00	00	0A	00	5A	01	00	00	00	00	00	00	00	00	00	00	00	00	02	03	03	03	02	00	00	00	00	00	00	00	00	00	00	00	00	00	00
main+022742F0	Jatayu	佳塔由	ジャターユ	01	00	60	00	33	00	A2	00	00	00	00	00	20	00	56	01	51	00	00	00	00	00	00	00	00	00	00	00	1F	22	1D	24	1E	00	00	00	00	00	00	00	00	00	00	00	00	00	00
main+02274320	Jikokuten	持国天王	ジコクテン	01	00	17	01	16	00	B4	00	00	00	00	00	C9	00	4B	03	5A	01	00	00	00	00	00	00	00	00	00	00	12	0B	10	0F	0D	00	00	00	00	00	00	00	00	00	00	00	00	00	00
main+02274350	Kaguya	辉夜	カグヤ	01	00	B9	00	10	00	3F	00	00	00	00	00	C4	02	32	01	21	03	00	00	00	00	00	00	00	00	00	00	0B	0F	0C	0B	06	00	00	00	00	00	00	00	00	00	00	00	00	00	00
main+02274380	Kaguya Picaro	辉夜・贼神	カグヤ・賊神	01	00	C3	00	19	00	3F	00	00	00	00	00	C4	02	32	01	22	03	00	00	00	00	00	00	00	00	00	00	11	14	13	0F	0B	00	00	00	00	00	00	00	00	00	00	00	00	00	00
main+022743B0	Kaiwan	迦温	キウン	01	00	61	00	24	00	A4	00	00	00	00	00	56	00	BF	00	00	00	00	00	00	00	00	00	00	00	00	00	17	1A	18	16	14	00	00	00	00	00	00	00	00	00	00	00	00	00	00
main+022743E0	Kali	迦梨	カーリー	01	00	30	00	3F	00	06	00	00	00	00	00	EC	00	10	01	D4	00	00	00	00	00	00	00	00	00	00	00	2B	29	27	27	22	00	00	00	00	00	00	00	00	00	00	00	00	00	00
main+02274410	Kelpie	凯尔派	ケルピー	01	00	62	00	06	00	39	00	00	00	00	00	1E	00	C8	00	00	00	00	00	00	00	00	00	00	00	00	00	05	05	05	06	04	00	00	00	00	00	00	00	00	00	00	00	00	00	00
main+02274440	Kikuri-Hime	菊理媛	キクリヒメ	01	00	4E	00	28	00	0E	00	00	00	00	00	5B	00	55	01	48	01	00	00	00	00	00	00	00	00	00	00	16	1F	18	1C	16	00	00	00	00	00	00	00	00	00	00	00	00	00	00
main+02274470	King Frost	霜精之王	キングフロスト	01	00	1D	00	3D	00	9E	00	00	00	00	00	16	00	82	01	CA	00	00	00	00	00	00	00	00	00	00	00	28	2C	2B	1D	22	00	00	00	00	00	00	00	00	00	00	00	00	00	00
main+022744A0	Kin-Ki	隐形鬼	オンギョウキ	01	00	5D	00	19	00	3E	00	00	00	00	00	E6	00	50	01	3E	03	00	00	00	00	00	00	00	00	00	00	15	0D	15	0F	0C	00	00	00	00	00	00	00	00	00	00	00	00	00	00
main+022744D0	Kodama	木灵	コダマ	01	00	82	00	0B	00	49	00	00	00	00	00	1E	00	5A	01	00	00	00	00	00	00	00	00	00	00	00	00	07	0B	08	0A	04	00	00	00	00	00	00	00	00	00	00	00	00	00	00
main+02274500	Koh-i-Noor	光之山	コ・イ・ヌール	01	00	6D	00	19	00	1C	01	00	00	00	00	2A	03	2C	03	2E	03	30	03	CF	03	CC	03	41	03	42	03	19	19	19	19	19	00	00	00	00	00	00	00	00	00	00	00	00	00	00
main+02274530	Kohryu	黄龙	コウリュウ	01	00	FE	00	4C	00	5F	00	00	00	00	00	C5	00	33	01	C3	00	00	00	00	00	00	00	00	00	00	00	2B	33	32	35	26	00	00	00	00	00	00	00	00	00	00	00	00	00	00
main+02274560	Koppa Tengu	木叶天狗	コッパテング	01	00	69	00	0B	00	2E	00	00	00	00	00	1E	00	51	01	00	00	00	00	00	00	00	00	00	00	00	00	07	08	08	0B	06	00	00	00	00	00	00	00	00	00	00	00	00	00	00
main+02274590	Koropokguru	克鲁波克鲁	コロポックル	01	00	68	00	09	00	4E	00	00	00	00	00	56	00	14	00	00	00	00	00	00	00	00	00	00	00	00	00	05	08	06	09	06	00	00	00	00	00	00	00	00	00	00	00	00	00	00
main+022745C0	Koumokuten	广目天王	コウモクテン	01	00	16	01	31	00	AD	00	00	00	00	00	C9	00	3F	03	6E	01	00	00	00	00	00	00	00	00	00	00	25	1D	22	1D	19	00	00	00	00	00	00	00	00	00	00	00	00	00	00
main+022745F0	Kumbhanda	鸠盘荼	クヴァンダ	01	00	5B	00	2A	00	46	00	00	00	00	00	22	00	6F	00	10	01	00	00	00	00	00	00	00	00	00	00	19	1E	19	1B	1A	00	00	00	00	00	00	00	00	00	00	00	00	00	00
main+02274620	Kurama Tengu	鞍马天狗	クラマテング	01	00	31	00	1F	00	49	00	00	00	00	00	E4	00	60	01	22	00	00	00	00	00	00	00	00	00	00	00	14	13	15	18	10	00	00	00	00	00	00	00	00	00	00	00	00	00	00
main+02274650	Kushi Mitama	奇魂	クシミタマ	01	00	98	00	0C	00	AD	00	00	00	00	00	2C	01	31	01	56	00	00	00	00	00	00	00	00	00	00	00	07	0B	09	08	08	00	00	00	00	00	00	00	00	00	00	00	00	00	00
main+02274680	Kushinada	奇稻田姬	クシナダヒメ	01	00	5A	00	2A	00	09	00	00	00	00	00	0A	01	8A	01	32	01	00	00	00	00	00	00	00	00	00	00	18	1E	1A	1C	19	00	00	00	00	00	00	00	00	00	00	00	00	00	00
main+022746B0	Lachesis	拉刻西斯	ラケシス	01	00	A2	00	23	00	B4	00	00	00	00	00	4B	01	15	00	5F	03	74	01	00	00	00	00	00	00	00	00	12	1A	16	19	15	00	00	00	00	00	00	00	00	00	00	00	00	00	00
main+022746E0	Lakshmi	吉祥天女	ラクシュミ	01	00	0A	01	45	00	B3	00	00	00	00	00	5B	00	2E	01	16	00	00	00	00	00	00	00	00	00	00	00	27	31	29	2F	26	00	00	00	00	00	00	00	00	00	00	00	00	00	00
main+02274710	Lamia	拉弥亚	ラミア	01	00	20	00	1A	00	4E	00	00	00	00	00	3C	00	50	01	DD	00	00	00	00	00	00	00	00	00	00	00	15	0F	12	13	0C	00	00	00	00	00	00	00	00	00	00	00	00	00	00
main+02274740	Leanan Sidhe	莲南希	リャナンシー	01	00	3F	00	13	00	5E	00	00	00	00	00	5A	01	BF	00	00	00	00	00	00	00	00	00	00	00	00	00	09	11	0C	10	0A	00	00	00	00	00	00	00	00	00	00	00	00	00	00
main+02274770	Legion	恶灵军团	レギオン	01	00	21	00	26	00	B6	00	00	00	00	00	10	01	67	00	55	00	00	00	00	00	00	00	00	00	00	00	18	18	1E	17	14	00	00	00	00	00	00	00	00	00	00	00	00	00	00
main+022747A0	Lilim	莉莉姆	リリム	01	00	08	00	20	00	18	00	00	00	00	00	15	00	5B	00	AD	03	00	00	00	00	00	00	00	00	00	00	11	17	12	19	14	00	00	00	00	00	00	00	00	00	00	00	00	00	00
main+022747D0	Lilith	莉莉丝	リリス	01	00	29	00	3C	00	36	00	00	00	00	00	19	00	73	01	4B	00	00	00	00	00	00	00	00	00	00	00	21	2B	25	27	23	00	00	00	00	00	00	00	00	00	00	00	00	00	00
main+02274800	Loa	罗瓦	ロア	01	00	B1	01	46	00	B6	00	00	00	00	00	3F	00	5F	00	67	00	00	00	00	00	00	00	00	00	00	00	2A	2F	2B	2E	27	00	00	00	00	00	00	00	00	00	00	00	00	00	00
main+02274830	Lucifer	路西法	ルシファー	01	00	FD	00	5D	00	1E	00	00	00	00	00	ED	00	82	03	00	00	00	00	00	00	00	00	00	00	00	00	3D	3B	3B	38	33	00	00	00	00	00	00	00	00	00	00	00	00	00	00
main+02274860	M. Izanagi Picaro	祸津伊邪那岐・贼神	マガツイザナギ・賊神	01	00	C2	00	30	00	62	00	00	00	00	00	C3	02	47	00	71	00	00	00	00	00	00	00	00	00	00	00	28	26	23	1B	0B	00	00	00	00	00	00	00	00	00	00	00	00	00	00
main+02274890	Macabre	马卡布	マカーブル	01	00	A8	01	49	00	61	00	00	00	00	00	D9	00	55	00	3F	00	00	00	00	00	00	00	00	00	00	00	30	31	2A	30	27	00	00	00	00	00	00	00	00	00	00	00	00	00	00
main+022748C0	Mada	摩陀	マダ	01	00	9F	00	5A	00	9D	00	00	00	00	00	78	00	35	03	AC	03	00	00	00	00	00	00	00	00	00	00	37	36	3D	3B	30	00	00	00	00	00	00	00	00	00	00	00	00	00	00
main+022748F0	Magatsu-Izanagi	祸津伊邪那岐	マガツイザナギ	01	00	B8	00	2C	00	62	00	00	00	00	00	C3	02	47	00	71	00	00	00	00	00	00	00	00	00	00	00	25	23	20	19	0A	00	00	00	00	00	00	00	00	00	00	00	00	00	00
main+02274920	Makami	真神	マカミ	01	00	2B	00	0F	00	5E	00	00	00	00	00	FA	00	49	00	48	01	00	00	00	00	00	00	00	00	00	00	0D	0C	08	0B	08	00	00	00	00	00	00	00	00	00	00	00	00	00	00
main+02274950	Mandrake	曼陀罗	マンドレイク	01	00	79	00	03	00	00	00	00	00	00	00	52	00	48	01	00	00	00	00	00	00	00	00	00	00	00	00	02	03	03	04	04	00	00	00	00	00	00	00	00	00	00	00	00	00	00
main+02274980	Mara	魔罗	マーラ	01	00	0D	00	49	00	36	00	00	00	00	00	C3	00	E2	00	77	01	00	00	00	00	00	00	00	00	00	00	33	2B	2B	2D	2C	00	00	00	00	00	00	00	00	00	00	00	00	00	00
main+022749B0	Maria	玛利亚	マリア	01	00	4A	01	5D	00	0F	00	00	00	00	00	45	03	3E	01	D6	00	00	00	00	00	00	00	00	00	00	00	34	42	35	36	3D	00	00	00	00	00	00	00	00	00	00	00	00	00	00
main+022749E0	Matador	斗牛士	マタドール	01	00	1D	01	11	00	B2	00	00	00	00	00	BE	00	A2	03	51	01	00	00	00	00	00	00	00	00	00	00	0B	0D	0A	10	08	00	00	00	00	00	00	00	00	00	00	00	00	00	00
main+02274A10	Melchizedek	麦基洗德	メルキセデク	01	00	87	00	3A	00	66	00	00	00	00	00	CA	00	33	00	00	00	00	00	00	00	00	00	00	00	00	00	25	20	28	27	21	00	00	00	00	00	00	00	00	00	00	00	00	00	00
main+02274A40	Messiah	弥赛亚	メサイア	01	00	BD	00	51	00	B1	00	00	00	00	00	C8	02	48	00	CB	00	00	00	00	00	00	00	00	00	00	00	32	32	32	32	32	00	00	00	00	00	00	00	00	00	00	00	00	00	00
main+02274A70	Messiah Picaro	弥赛亚・贼神	メサイア・賊神	01	00	BE	00	5A	00	B1	00	00	00	00	00	C8	02	48	00	F4	00	00	00	00	00	00	00	00	00	00	00	38	38	37	37	37	00	00	00	00	00	00	00	00	00	00	00	00	00	00
main+02274AA0	Metatron	梅塔特隆	メタトロン	01	00	01	00	59	00	A9	00	00	00	00	00	35	00	D5	00	3B	00	00	00	00	00	00	00	00	00	00	00	36	3D	3C	39	2A	00	00	00	00	00	00	00	00	00	00	00	00	00	00
main+02274AD0	Michael	米迦勒	ミカエル	01	00	9D	00	57	00	B2	00	00	00	00	00	A0	00	19	00	5C	01	00	00	00	00	00	00	00	00	00	00	39	36	37	38	2E	00	00	00	00	00	00	00	00	00	00	00	00	00	00
main+02274B00	Mishaguji	御社宫司神	ミシャグジさま	01	00	4D	01	34	00	61	00	00	00	00	00	40	03	61	00	C0	00	00	00	00	00	00	00	00	00	00	00	20	20	20	20	23	00	00	00	00	00	00	00	00	00	00	00	00	00	00
main+02274B30	Mithras	米特拉斯	ミトラス	01	00	80	00	27	00	5E	00	00	00	00	00	53	00	4D	00	EC	00	00	00	00	00	00	00	00	00	00	00	13	1A	13	18	12	00	00	00	00	00	00	00	00	00	00	00	00	00	00
main+02274B60	Mitra	密特拉	ミトラ	01	00	27	01	21	00	A8	00	00	00	00	00	37	00	34	00	2D	01	00	00	00	00	00	00	00	00	00	00	1B	19	1B	19	14	00	00	00	00	00	00	00	00	00	00	00	00	00	00
main+02274B90	Mokoi	莫克伊	モコイ	01	00	23	00	09	00	58	00	00	00	00	00	4F	01	50	00	00	00	00	00	00	00	00	00	00	00	00	00	09	05	06	0A	04	00	00	00	00	00	00	00	00	00	00	00	00	00	00
main+02274BC0	Moloch	摩洛	モロク	01	00	8C	00	3C	00	47	00	00	00	00	00	0C	00	6F	00	55	00	00	00	00	00	00	00	00	00	00	00	20	2D	2A	1F	25	00	00	00	00	00	00	00	00	00	00	00	00	00	00
main+02274BF0	Mot	莫特	モト	01	00	17	00	48	00	36	00	00	00	00	00	47	00	54	01	45	00	00	00	00	00	00	00	00	00	00	00	2B	33	30	2A	27	00	00	00	00	00	00	00	00	00	00	00	00	00	00
main+02274C20	Mother Harlot	巴比伦大淫妇	マザーハーロット	01	00	A0	00	55	00	17	00	00	00	00	00	19	00	3F	00	8B	03	00	00	00	00	00	00	00	00	00	00	37	36	30	32	37	00	00	00	00	00	00	00	00	00	00	00	00	00	00
main+02274C50	Mothman	天蛾人	モスマン	01	00	46	00	21	00	16	00	00	00	00	00	05	01	2C	00	AE	03	00	00	00	00	00	00	00	00	00	00	15	18	10	18	15	00	00	00	00	00	00	00	00	00	00	00	00	00	00
main+02274C80	Naga	那伽	ナーガ	01	00	8A	00	18	00	39	00	00	00	00	00	FB	00	11	01	29	00	00	00	00	00	00	00	00	00	00	00	0F	11	0F	11	0F	00	00	00	00	00	00	00	00	00	00	00	00	00	00
main+02274CB0	Narcissus	那耳喀索斯	ナルキッソス	01	00	1E	00	30	00	AD	00	00	00	00	00	50	00	22	00	48	01	00	00	00	00	00	00	00	00	00	00	1B	1F	1D	21	1F	00	00	00	00	00	00	00	00	00	00	00	00	00	00
main+02274CE0	Nebiros	奈比洛斯	ネビロス	01	00	52	00	4A	00	A4	00	00	00	00	00	60	00	C3	00	55	01	00	00	00	00	00	00	00	00	00	00	2D	34	2C	2E	2A	00	00	00	00	00	00	00	00	00	00	00	00	00	00
main+02274D10	Neko Shogun	猫将军	ネコショウグン	01	00	2A	01	1E	00	56	00	00	00	00	00	BF	00	2D	01	56	01	64	01	00	00	00	00	00	00	00	00	13	14	13	15	12	00	00	00	00	00	00	00	00	00	00	00	00	00	00
main+02274D40	Nekomata	猫又	ネコマタ	01	00	49	00	11	00	4E	00	00	00	00	00	21	00	06	01	54	00	00	00	00	00	00	00	00	00	00	00	0D	0A	0C	0F	08	00	00	00	00	00	00	00	00	00	00	00	00	00	00
main+02274D70	Nigi Mitama	和魂	ニギミタマ	01	00	97	00	16	00	0E	00	00	00	00	00	49	01	2D	01	39	00	00	00	00	00	00	00	00	00	00	00	0D	0F	0F	10	0E	00	00	00	00	00	00	00	00	00	00	00	00	00	00
main+02274DA0	Norn	诺伦	ノルン	01	00	8D	00	34	00	2E	00	00	00	00	00	2A	00	20	00	51	00	00	00	00	00	00	00	00	00	00	00	1E	26	21	22	1C	00	00	00	00	00	00	00	00	00	00	00	00	00	00
main+02274DD0	Nue	奴延	ヌエ	01	00	85	00	14	00	36	00	00	00	00	00	43	00	05	01	00	00	00	00	00	00	00	00	00	00	00	00	10	0A	11	0E	0A	00	00	00	00	00	00	00	00	00	00	00	00	00	00
main+02274E00	Obariyon	背背鬼	オバリヨン	01	00	38	00	08	00	39	00	00	00	00	00	E0	00	5B	01	00	00	00	00	00	00	00	00	00	00	00	00	07	03	09	08	04	00	00	00	00	00	00	00	00	00	00	00	00	00	00
main+02274E30	Oberon	奥伯隆	オベロン	01	00	32	00	42	00	16	00	00	00	00	00	2A	00	51	00	EC	00	00	00	00	00	00	00	00	00	00	00	28	2D	2A	2B	23	00	00	00	00	00	00	00	00	00	00	00	00	00	00
main+02274E60	Odin	奥丁	オーディン	01	00	0A	00	54	00	A1	00	00	00	00	00	96	00	FE	00	55	01	00	00	00	00	00	00	00	00	00	00	35	3A	36	34	2A	00	00	00	00	00	00	00	00	00	00	00	00	00	00
main+02274E90	Okuninushi	大国主	オオクニヌシ	01	00	FF	00	36	00	A4	00	00	00	00	00	C2	00	FE	00	54	01	00	00	00	00	00	00	00	00	00	00	27	23	21	20	1E	00	00	00	00	00	00	00	00	00	00	00	00	00	00
main+02274EC0	Ongyo-Ki	隐形鬼	オンギョウキ	01	00	5C	00	59	00	AE	00	00	00	00	00	FE	00	57	00	B2	03	00	00	00	00	00	00	00	00	00	00	38	35	39	3B	31	00	00	00	00	00	00	00	00	00	00	00	00	00	00
main+02274EF0	Oni	鬼	オニ	01	00	28	00	14	00	3E	00	00	00	00	00	F1	00	20	03	E0	00	00	00	00	00	00	00	00	00	00	00	13	09	11	0C	0A	00	00	00	00	00	00	00	00	00	00	00	00	00	00
main+02274F20	Onmoraki	阴摩罗鬼	オンモラキ	01	00	84	00	0C	00	2E	00	00	00	00	00	40	00	7D	01	00	00	00	00	00	00	00	00	00	00	00	00	09	0C	07	0A	05	00	00	00	00	00	00	00	00	00	00	00	00	00	00
main+02274F50	Orichalcum	奥利哈钢	オリハルコン	01	00	72	00	3C	00	21	01	00	00	00	00	78	00	82	00	8C	00	96	00	C5	00	B0	00	A0	00	AA	00	3C	3C	3C	3C	3C	00	00	00	00	00	00	00	00	00	00	00	00	00	00
main+02274F80	Orlov	奥尔洛夫	オルロフ	01	00	6E	00	1E	00	1D	01	00	00	00	00	0E	00	18	00	22	00	2C	00	C2	00	4D	00	3A	00	44	00	1E	1E	1E	1E	1E	00	00	00	00	00	00	00	00	00	00	00	00	00	00
main+02274FB0	Orobas	欧若博司	オロバス	01	00	35	00	11	00	36	00	00	00	00	00	0D	00	51	01	64	01	00	00	00	00	00	00	00	00	00	00	0B	0E	0F	0C	06	00	00	00	00	00	00	00	00	00	00	00	00	00	00
main+02274FE0	Orpheus	俄耳甫斯	オルフェウス	01	00	B5	00	1A	00	BE	00	00	00	00	00	C0	02	0B	00	59	01	00	00	00	00	00	00	00	00	00	00	11	11	11	11	11	00	00	00	00	00	00	00	00	00	00	00	00	00	00
main+02275010	Orpheus (F)	俄耳甫斯	オルフェウス	01	00	6D	01	0B	00	BE	00	00	00	00	00	CA	02	0A	00	59	01	25	03	00	00	00	00	00	00	00	00	08	09	08	09	06	00	00	00	00	00	00	00	00	00	00	00	00	00	00
main+02275040	Orpheus (F) Picaro	俄耳甫斯・贼神	オルフェウス・賊神	01	00	73	01	0D	00	BE	00	00	00	00	00	CA	02	0D	00	5A	01	25	03	00	00	00	00	00	00	00	00	09	0B	09	0A	07	00	00	00	00	00	00	00	00	00	00	00	00	00	00
main+02275070	Orpheus Picaro	俄耳甫斯・贼神	オルフェウス・賊神	01	00	BF	00	1D	00	BE	00	00	00	00	00	C0	02	0E	00	5E	01	00	00	00	00	00	00	00	00	00	00	13	13	13	13	13	00	00	00	00	00	00	00	00	00	00	00	00	00	00
main+022750A0	Orthrus	欧特鲁斯	オルトロス	01	00	44	00	15	00	4F	00	00	00	00	00	0B	00	FA	00	0D	00	00	00	00	00	00	00	00	00	00	00	10	0E	0E	13	07	00	00	00	00	00	00	00	00	00	00	00	00	00	00
main+022750D0	Ose	欧赛	オセ	01	00	0E	00	2A	00	3E	00	00	00	00	00	14	01	21	03	68	01	00	00	00	00	00	00	00	00	00	00	20	18	19	1F	15	00	00	00	00	00	00	00	00	00	00	00	00	00	00
main+02275100	Pale Rider	苍白骑土	ペイルライダー	01	00	1E	01	36	00	11	00	00	00	00	00	5F	00	42	00	0C	01	00	00	00	00	00	00	00	00	00	00	20	25	21	28	1B	00	00	00	00	00	00	00	00	00	00	00	00	00	00
main+02275130	Parvati	帕尔瓦蒂	パールヴァティ	01	00	2C	00	38	00	5E	00	00	00	00	00	2D	01	C0	00	8C	01	00	00	00	00	00	00	00	00	00	00	21	27	21	27	1F	00	00	00	00	00	00	00	00	00	00	00	00	00	00
main+02275160	Pazuzu	帕祖祖	パズス	01	00	34	01	2D	00	AA	00	00	00	00	00	44	00	53	00	3D	00	00	00	00	00	00	00	00	00	00	00	1D	21	1B	1A	1B	00	00	00	00	00	00	00	00	00	00	00	00	00	00
main+02275190	Phoenix	凤凰	ホウオウ	01	00	28	01	15	00	A6	00	00	00	00	00	4A	00	09	01	20	03	00	00	00	00	00	00	00	00	00	00	0C	0F	0F	11	0B	00	00	00	00	00	00	00	00	00	00	00	00	00	00
main+022751C0	Pisaca	毕舍遮	ピシャーチャ	01	00	86	00	1C	00	46	00	00	00	00	00	09	01	F1	00	6F	00	00	00	00	00	00	00	00	00	00	00	13	15	15	10	0E	00	00	00	00	00	00	00	00	00	00	00	00	00	00
main+022751F0	Pixie	皮克希	ピクシー	01	00	06	00	02	00	16	00	00	00	00	00	28	00	2C	01	00	00	00	00	00	00	00	00	00	00	00	00	01	03	03	04	02	00	00	00	00	00	00	00	00	00	00	00	00	00	00
main+02275220	Power	能天使	パワー	01	00	50	00	29	00	B4	00	00	00	00	00	33	00	0C	01	00	00	00	00	00	00	00	00	00	00	00	00	1E	1A	1C	19	15	00	00	00	00	00	00	00	00	00	00	00	00	00	00
main+02275250	Principality	权天使	プリンシパリティ	01	00	29	01	1D	00	A8	00	00	00	00	00	3A	00	57	00	00	00	00	00	00	00	00	00	00	00	00	00	11	13	12	15	13	00	00	00	00	00	00	00	00	00	00	00	00	00	00
main+02275280	Queen Mab	妖精女王	クイーンメイブ	01	00	39	00	2B	00	16	00	00	00	00	00	2C	00	57	00	AC	03	00	00	00	00	00	00	00	00	00	00	17	23	1A	1E	16	00	00	00	00	00	00	00	00	00	00	00	00	00	00
main+022752B0	Queen's Necklace	王后的项链	女王の首飾り	01	00	6B	00	0F	00	1A	01	00	00	00	00	4F	01	50	01	51	01	36	01	31	01	59	01	5A	01	5B	01	0F	0F	0F	0F	0F	00	00	00	00	00	00	00	00	00	00	00	00	00	00
main+022752E0	Quetzalcoatl	羽蛇神	ケツアルカトル	01	00	2F	01	42	00	A2	00	00	00	00	00	22	00	20	00	11	01	00	00	00	00	00	00	00	00	00	00	29	2E	29	2B	22	00	00	00	00	00	00	00	00	00	00	00	00	00	00
main+02275310	Raja Naga	那伽王	ナーガラジャ	01	00	89	00	37	00	A0	00	00	00	00	00	2A	00	84	01	53	00	00	00	00	00	00	00	00	00	00	00	21	25	24	23	1F	00	00	00	00	00	00	00	00	00	00	00	00	00	00
main+02275340	Rakshasa	罗刹	ラクシャーサ	01	00	22	00	18	00	49	00	00	00	00	00	D3	00	7F	01	4F	01	00	00	00	00	00	00	00	00	00	00	14	0F	12	11	09	00	00	00	00	00	00	00	00	00	00	00	00	00	00
main+02275370	Rangda	兰达	ランダ	01	00	2A	00	30	00	AA	00	00	00	00	00	F2	00	10	01	21	03	00	00	00	00	00	00	00	00	00	00	1C	22	1E	21	1A	00	00	00	00	00	00	00	00	00	00	00	00	00	00
main+022753A0	Raoul	劳尔	ラウール	01	00	6B	01	4C	00	C1	00	00	00	00	00	CC	02	42	00	59	03	00	00	00	00	00	00	00	00	00	00	2F	30	2B	36	2A	00	00	00	00	00	00	00	00	00	00	00	00	00	00
main+022753D0	Raphael	拉斐尔	ラファエル	01	00	18	00	4E	00	56	00	00	00	00	00	D5	00	68	01	64	01	00	00	00	00	00	00	00	00	00	00	39	2D	31	37	23	00	00	00	00	00	00	00	00	00	00	00	00	00	00
main+02275400	Red Rider	红骑士	レッドライダー	01	00	30	01	29	00	61	00	00	00	00	00	DD	00	8C	01	C2	00	00	00	00	00	00	00	00	00	00	00	1A	1B	19	1D	17	00	00	00	00	00	00	00	00	00	00	00	00	00	00
main+02275430	Regent	摄政王	リージェント	01	00	6A	00	0A	00	19	01	00	00	00	00	0D	00	17	00	21	00	2B	00	C1	00	4C	00	39	00	43	00	0A	0A	0A	0A	0A	00	00	00	00	00	00	00	00	00	00	00	00	00	00
main+02275460	Saki Mitama	幸魂	サキミタマ	01	00	9A	00	06	00	B4	00	00	00	00	00	14	00	48	01	7F	01	00	00	00	00	00	00	00	00	00	00	04	06	05	06	04	00	00	00	00	00	00	00	00	00	00	00	00	00	00
main+02275490	Sandalphon	圣德芬	サンダルフォン	01	00	3A	00	4B	00	67	00	00	00	00	00	35	00	37	01	3C	01	00	00	00	00	00	00	00	00	00	00	2E	33	31	30	26	00	00	00	00	00	00	00	00	00	00	00	00	00	00
main+022754C0	Sandman	睡魔	ザントマン	01	00	3D	00	17	00	4E	00	00	00	00	00	5A	00	1F	00	13	01	00	00	00	00	00	00	00	00	00	00	0B	0D	0E	11	15	00	00	00	00	00	00	00	00	00	00	00	00	00	00
main+022754F0	Sarasvati	妙音天女	サラスヴァティ	01	00	12	00	32	00	0E	00	00	00	00	00	32	01	7D	01	53	00	00	00	00	00	00	00	00	00	00	00	1E	23	20	21	1B	00	00	00	00	00	00	00	00	00	00	00	00	00	00
main+02275520	Satan	撒旦	サタン	01	00	FC	00	5C	00	9F	00	00	00	00	00	82	00	83	00	40	03	00	00	00	00	00	00	00	00	00	00	3E	3B	37	34	37	00	00	00	00	00	00	00	00	00	00	00	00	00	00
main+02275550	Satanael	撒旦耶尔	サタナエル	01	00	AA	00	5F	00	41	00	00	00	00	00	45	00	48	00	29	03	E3	00	00	00	00	00	00	00	00	00	3F	3C	39	38	38	00	00	00	00	00	00	00	00	00	00	00	00	00	00
main+02275580	Scathach	斯卡哈	スカアハ	01	00	19	00	4D	00	5E	00	00	00	00	00	19	00	FE	00	73	01	00	00	00	00	00	00	00	00	00	00	30	34	2E	30	2C	00	00	00	00	00	00	00	00	00	00	00	00	00	00
main+022755B0	Seiryu	青龙	セイリュウ	01	00	12	01	3E	00	06	00	00	00	00	00	16	00	2E	01	55	01	00	00	00	00	00	00	00	00	00	00	26	29	2B	25	22	00	00	00	00	00	00	00	00	00	00	00	00	00	00
main+022755E0	Setanta	瑟坦特	セタンタ	01	00	25	00	19	00	3E	00	00	00	00	00	D3	00	13	01	20	03	50	01	00	00	00	00	00	00	00	00	13	10	12	0D	10	00	00	00	00	00	00	00	00	00	00	00	00	00	00
main+02275610	Seth	赛特	セト	01	00	05	01	33	00	B2	00	00	00	00	00	E2	00	0C	00	56	01	22	03	00	00	00	00	00	00	00	00	20	23	1E	23	1C	00	00	00	00	00	00	00	00	00	00	00	00	00	00
main+02275640	Shiisaa	狮爷	シーサー	01	00	3C	00	0F	00	A6	00	00	00	00	00	FA	00	05	01	49	00	00	00	00	00	00	00	00	00	00	00	0A	0B	0B	0B	09	00	00	00	00	00	00	00	00	00	00	00	00	00	00
main+02275670	Shiki-Ouji	式王子	シキオウジ	01	00	33	00	12	00	A4	00	00	00	00	00	4F	01	5C	00	E4	00	00	00	00	00	00	00	00	00	00	00	10	0E	0C	09	0A	00	00	00	00	00	00	00	00	00	00	00	00	00	00
main+022756A0	Shiva	湿婆	シヴァ	01	00	9C	00	52	00	A4	00	00	00	00	00	C5	00	2D	00	26	03	00	00	00	00	00	00	00	00	00	00	37	36	35	35	26	00	00	00	00	00	00	00	00	00	00	00	00	00	00
main+022756D0	Siegfried	齐格飞	ジークフリード	01	00	B5	01	54	00	3E	00	00	00	00	00	D4	00	56	01	22	03	00	00	00	00	00	00	00	00	00	00	3D	2B	37	37	2D	00	00	00	00	00	00	00	00	00	00	00	00	00	00
main+02275700	Silky	希路奇	シルキー	01	00	7C	00	06	00	2E	00	00	00	00	00	5A	00	14	00	00	00	00	00	00	00	00	00	00	00	00	00	04	07	04	05	05	00	00	00	00	00	00	00	00	00	00	00	00	00	00
main+02275730	Skadi	丝卡蒂	スカディ	01	00	4D	00	35	00	BB	00	00	00	00	00	DE	00	55	00	90	03	00	00	00	00	00	00	00	00	00	00	21	27	20	22	1C	00	00	00	00	00	00	00	00	00	00	00	00	00	00
main+02275760	Slime	软泥怪	スライム	01	00	54	00	0A	00	46	00	00	00	00	00	C8	00	54	00	00	00	00	00	00	00	00	00	00	00	00	00	09	06	0B	06	05	00	00	00	00	00	00	00	00	00	00	00	00	00	00
main+02275790	Sraosha	斯拉欧加	スラオシャ	01	00	24	01	50	00	A8	00	00	00	00	00	38	00	35	00	8A	03	00	00	00	00	00	00	00	00	00	00	2F	38	2D	38	2B	00	00	00	00	00	00	00	00	00	00	00	00	00	00
main+022757C0	Stone of Scone	命运之石	スクーンの石	01	00	6C	00	14	00	1B	01	00	00	00	00	0B	00	15	00	1F	00	29	00	BF	00	4A	00	37	00	41	00	14	14	14	14	14	00	00	00	00	00	00	00	00	00	00	00	00	00	00
main+022757F0	Succubus	女梦魔	サキュバス	01	00	45	00	07	00	4E	00	00	00	00	00	5A	00	6D	01	00	00	00	00	00	00	00	00	00	00	00	00	04	07	05	08	04	00	00	00	00	00	00	00	00	00	00	00	00	00	00
main+02275820	Sudama	山灵	スダマ	01	00	81	00	11	00	58	00	00	00	00	00	C1	00	CD	00	4F	01	00	00	00	00	00	00	00	00	00	00	09	0E	0C	0D	0A	00	00	00	00	00	00	00	00	00	00	00	00	00	00
main+02275850	Sui-Ki	水鬼	スイキ	01	00	5E	00	18	00	9E	00	00	00	00	00	17	00	04	01	15	00	00	00	00	00	00	00	00	00	00	00	10	0F	0F	12	0F	00	00	00	00	00	00	00	00	00	00	00	00	00	00
main+02275880	Surt	斯尔特	スルト	01	00	B0	01	53	00	9C	00	00	00	00	00	79	00	48	03	D4	00	00	00	00	00	00	00	00	00	00	00	37	36	33	32	2E	00	00	00	00	00	00	00	00	00	00	00	00	00	00
main+022758B0	Suzaku	朱雀	スザク	01	00	11	01	10	00	AD	00	00	00	00	00	49	00	59	01	60	00	00	00	00	00	00	00	00	00	00	00	09	0C	0A	0F	09	00	00	00	00	00	00	00	00	00	00	00	00	00	00
main+022758E0	Take-Minakata	建御名方	タケミナカタ	01	00	58	00	1A	00	A0	00	00	00	00	00	29	00	C9	00	4B	03	00	00	00	00	00	00	00	00	00	00	11	13	12	10	0F	00	00	00	00	00	00	00	00	00	00	00	00	00	00
main+02275910	Tam Lin	塔姆林	タムリン	01	00	AE	01	1B	00	AD	00	00	00	00	00	C9	00	0C	01	6D	01	00	00	00	00	00	00	00	00	00	00	15	10	12	10	11	00	00	00	00	00	00	00	00	00	00	00	00	00	00
main+02275940	Thanatos	塔纳托斯	タナトス	01	00	B6	00	41	00	B9	00	00	00	00	00	C2	02	45	00	3F	00	00	00	00	00	00	00	00	00	00	00	2B	31	29	26	1F	00	00	00	00	00	00	00	00	00	00	00	00	00	00
main+02275970	Thanatos Picaro	塔纳托斯・贼神	タナトス・賊神	01	00	C0	00	45	00	B9	00	00	00	00	00	C2	02	45	00	3F	00	00	00	00	00	00	00	00	00	00	00	2D	33	2B	28	23	00	00	00	00	00	00	00	00	00	00	00	00	00	00
main+022759A0	Thor	托尔	トール	01	00	0F	00	40	00	2E	00	00	00	00	00	2A	00	CA	00	22	03	00	00	00	00	00	00	00	00	00	00	2C	27	2B	26	23	00	00	00	00	00	00	00	00	00	00	00	00	00	00
main+022759D0	Thoth	托特	トート	01	00	63	00	24	00	5E	00	00	00	00	00	5C	00	4A	00	60	01	00	00	00	00	00	00	00	00	00	00	15	1C	15	18	15	00	00	00	00	00	00	00	00	00	00	00	00	00	00
main+02275A00	Throne	座天使	ソロネ	01	00	AF	01	48	00	BA	00	00	00	00	00	0C	00	33	00	AC	03	00	00	00	00	00	00	00	00	00	00	2A	31	2B	2E	2B	00	00	00	00	00	00	00	00	00	00	00	00	00	00
main+02275A30	Thunderbird	雷鸟	サンダーバード	01	00	AA	01	22	00	A0	00	00	00	00	00	2C	00	4F	01	AE	03	00	00	00	00	00	00	00	00	00	00	11	18	18	1A	12	00	00	00	00	00	00	00	00	00	00	00	00	00	00
main+02275A60	Titania	缇坦妮雅	ティターニア	01	00	26	00	38	00	11	00	00	00	00	00	4B	00	2A	00	5B	00	00	00	00	00	00	00	00	00	00	00	20	28	23	26	1E	00	00	00	00	00	00	00	00	00	00	00	00	00	00
main+02275A90	Trumpeter	吹号者	トランペッター	01	00	1B	01	3B	00	06	00	00	00	00	00	4E	00	5F	00	16	01	00	00	00	00	00	00	00	00	00	00	21	2A	28	26	1F	00	00	00	00	00	00	00	00	00	00	00	00	00	00
main+02275AC0	Tsukiyomi	月读	ツキヨミ	01	00	BC	00	32	00	BF	00	00	00	00	00	C7	02	82	03	FE	00	67	00	00	00	00	00	00	00	00	00	26	20	21	25	11	00	00	00	00	00	00	00	00	00	00	00	00	00	00
main+02275AF0	Tsukiyomi Picaro	月读・贼神	ツキヨミ・賊神	01	00	C6	00	37	00	BF	00	00	00	00	00	C7	02	82	03	FE	00	68	00	00	00	00	00	00	00	00	00	29	23	24	28	14	00	00	00	00	00	00	00	00	00	00	00	00	00	00
main+02275B20	Unicorn	独角兽	ユニコーン	01	00	10	00	27	00	A8	00	00	00	00	00	C9	00	34	00	63	01	00	00	00	00	00	00	00	00	00	00	14	1B	19	1C	18	00	00	00	00	00	00	00	00	00	00	00	00	00	00
main+02275B50	Uriel	鸟列尔	ウリエル	01	00	11	00	51	00	AF	00	00	00	00	00	F3	00	FE	00	10	01	00	00	00	00	00	00	00	00	00	00	32	36	31	37	2A	00	00	00	00	00	00	00	00	00	00	00	00	00	00
main+02275B80	Valkyrie	女武神	ヴァルキリー	01	00	13	00	2C	00	49	00	00	00	00	00	DD	00	21	03	00	00	00	00	00	00	00	00	00	00	00	00	21	18	1C	1D	19	00	00	00	00	00	00	00	00	00	00	00	00	00	00
main+02275BB0	Vasuki	婆苏吉	ヴァスキ	01	00	2B	01	44	00	11	00	00	00	00	00	35	00	61	00	E1	00	00	00	00	00	00	00	00	00	00	00	2A	2D	2C	2A	26	00	00	00	00	00	00	00	00	00	00	00	00	00	00
main+02275BE0	Vishnu	毗湿奴	ヴィシュヌ	01	00	A6	00	53	00	A3	00	00	00	00	00	48	00	23	00	59	03	00	00	00	00	00	00	00	00	00	00	38	33	31	39	2B	00	00	00	00	00	00	00	00	00	00	00	00	00	00
main+02275C10	Vohu Manah	瓦胡・马纳	ウォフ・マナフ	01	00	4B	01	50	00	B5	00	00	00	00	00	A0	00	D3	03	3B	00	00	00	00	00	00	00	00	00	00	00	2E	3B	2D	38	29	00	00	00	00	00	00	00	00	00	00	00	00	00	00
main+02275C40	White Rider	白骑土	ホワイトライダー	01	00	1C	01	26	00	BB	00	00	00	00	00	E1	00	54	00	14	01	00	00	00	00	00	00	00	00	00	00	16	15	1A	1B	19	00	00	00	00	00	00	00	00	00	00	00	00	00	00
main+02275C70	Yaksini	母夜叉	ヤクシニー	01	00	14	00	14	00	4E	00	00	00	00	00	0A	01	5D	00	20	03	00	00	00	00	00	00	00	00	00	00	0E	0B	0D	10	0D	00	00	00	00	00	00	00	00	00	00	00	00	00	00
main+02275CA0	Yamata-no-Orochi	八岐大蛇	ヤマタノオロチ	01	00	34	00	40	00	18	00	00	00	00	00	E2	00	19	00	AD	03	00	00	00	00	00	00	00	00	00	00	2C	26	30	24	21	00	00	00	00	00	00	00	00	00	00	00	00	00	00
main+02275CD0	Yatagarasu	八咫乌	ヤタガラス	01	00	56	00	39	00	B2	00	00	00	00	00	78	01	63	01	00	00	00	00	00	00	00	00	00	00	00	00	23	29	1E	28	20	00	00	00	00	00	00	00	00	00	00	00	00	00	00
main+02275D00	Yoshitsune	义经	ヨシツネ	01	00	57	00	57	00	3E	00	00	00	00	00	D4	00	68	01	2A	00	00	00	00	00	00	00	00	00	00	00	3F	34	32	36	31	00	00	00	00	00	00	00	00	00	00	00	00	00	00
main+02275D30	Yurlungur	虹蛇	ユルング	01	00	A8	00	2B	00	AF	00	00	00	00	00	61	00	2C	00	47	00	00	00	00	00	00	00	00	00	00	00	1A	1D	1E	1B	18	00	00	00	00	00	00	00	00	00	00	00	00	00	00
main+02275D60	Zaou-Gongen	藏王权现	ザオウゴンゲン	01	00	2E	00	50	00	3A	00	00	00	00	00	0F	00	5F	00	CB	00	00	00	00	00	00	00	00	00	00	00	39	2D	32	38	27	00	00	00	00	00	00	00	00	00	00	00	00	00	00
main+02275D90	Zouchouten	增长天王	ゾウチョウテン	01	00	18	01	1F	00	A0	00	00	00	00	00	CF	00	29	00	00	00	00	00	00	00	00	00	00	00	00	00	16	13	18	12	11	00	00	00	00	00	00	00	00	00	00	00	00	00	00
